Matriz de Escores:

           0   1   2   3   4   5   6   7   8   9  10  11  12  13  14  15
           -   A   T   T   C   T   G   G   C   G   T   A   C   C   G   C
   0   -   0   0   0   0   0   0   0   0   0   0   0   0   0   0   0   0
   1   C   0   0   0   0   0   0   0   0   0   0   0   0   0   0   0   0
   2   A   0   0   0   0   0   0   0   0   0   0   0   0   0   0   0   0
   3   C   0   0   0   0   0   0   0   0   0   0   0   0   0   0   0   0
   4   G   0   0   0   0   0   0   0   0   0   0   0   0   0   0   0   0
   5   T   0   0   0   0   0   0   0   0   0   0   0   0   0   0   0   0
